17003,
17005,
17010,
17016,
17018,
17019,
17020,
17022,
17023,
17026,
17028,
17030,
17032,
17033,
17034,
17036,
17038,
17039,
17041,
17042,
17043,
17046,
17048,
17057,
17061,
17064,
17067,
17070,
17073,
17077,
17078,
17080,
17083,
17085,
17087,
17088,
17097,
17098,
17101,
17102,
17103,
17104,
17105,
17106,
17107,
17108,
17109,
17110,
17111,
17112,
17113,
17120,
17121,
17122,
17123,
17124,
17125,
17126,
17127,
17128,
17129,
17130,
17140,
17177,
17301,
17302,
17309,
17311,
17312,
17313,
17314,
17315,
17316,
17317,
17318,
17319,
17321,
17322,
17323,
17327,
17329,
17331,
17332,
17333,
17334,
17335,
17339,
17342,
17345,
17347,
17349,
17352,
17354,
17355,
17356,
17358,
17360,
17361,
17362,
17363,
17364,
17365,
17366,
17368,
17370,
17371,
17401,
17402,
17403,
17404,
17405,
17406,
17407,
17408,
17415,
17501,
17502,
17503,
17504,
17505,
17506,
17507,
17508,
17509,
17512,
17516,
17517,
17518,
17519,
17520,
17521,
17522,
17527,
17528,
17529,
17532,
17533,
17534,
17535,
17536,
17537,
17538,
17540,
17543,
17545,
17547,
17549,
17550,
17551,
17552,
17554,
17555,
17557,
17560,
17562,
17563,
17564,
17565,
17566,
17567,
17568,
17569,
17570,
17572,
17573,
17575,
17576,
17578,
17579,
17580,
17581,
17582,
17584,
17585,
17601,
17602,
17603,
17604,
17605,
17606,
17607,
17608,
17611,
17622,
17699,
17901,
17921,
17922,
17923,
17925,
17929,
17930,
17931,
17932,
17933,
17934,
17935,
17936,
17938,
17941,
17942,
17943,
17944,
17946,
17948,
17949,
17951,
17952,
17953,
17954,
17957,
17959,
17960,
17961,
17963,
17964,
17965,
17966,
17967,
17968,
17970,
17972,
17974,
17976,
17978,
17979,
17980,
17981,
17982,
17983,
17985,
18001,
18002,
18003,
18010,
18011,
18012,
18013,
18014,
18015,
18016,
18017,
18018,
18020,
18025,
18030,
18031,
18032,
18034,
18035,
18036,
18037,
18038,
18039,
18040,
18041,
18042,
18043,
18044,
18045,
18046,
18049,
18050,
18051,
18052,
18053,
18054,
18055,
18056,
18058,
18059,
18060,
18062,
18063,
18064,
18065,
18066,
18067,
18068,
18069,
18070,
18071,
18072,
18073,
18074,
18076,
18077,
18078,
18079,
18080,
18081,
18083,
18084,
18085,
18086,
18087,
18088,
18091,
18092,
18098,
18099,
18101,
18102,
18103,
18104,
18105,
18106,
18109,
18175,
18195,
18202,
18210,
18211,
18212,
18214,
18216,
18218,
18220,
18229,
18230,
18231,
18232,
18235,
18237,
18240,
18242,
18244,
18245,
18248,
18250,
18252,
18254,
18255,
18301,
18302,
18320,
18321,
18322,
18323,
18325,
18326,
18327,
18330,
18331,
18332,
18333,
18334,
18335,
18341,
18342,
18343,
18344,
18346,
18347,
18348,
18349,
18350,
18351,
18352,
18353,
18354,
18355,
18356,
18357,
18360,
18370,
18372,
18424,
18466,
18610,
18624,
18661,
18901,
18902,
18910,
18911,
18912,
18913,
18914,
18915,
18916,
18917,
18918,
18920,
18921,
18922,
18923,
18925,
18926,
18927,
18928,
18929,
18930,
18931,
18932,
18933,
18934,
18935,
18936,
18938,
18940,
18942,
18943,
18944,
18946,
18947,
18949,
18950,
18951,
18953,
18954,
18955,
18956,
18957,
18958,
18960,
18962,
18963,
18964,
18966,
18968,
18969,
18970,
18971,
18972,
18974,
18976,
18977,
18979,
18980,
18981,
18991,
19001,
19002,
19003,
19004,
19006,
19007,
19008,
19009,
19010,
19012,
19013,
19014,
19015,
19016,
19017,
19018,
19019,
19020,
19021,
19022,
19023,
19025,
19026,
19027,
19028,
19029,
19030,
19031,
19032,
19033,
19034,
19035,
19036,
19037,
19038,
19039,
19040,
19041,
19043,
19044,
19046,
19047,
19050,
19052,
19053,
19054,
19055,
19056,
19057,
19058,
19059,
19060,
19061,
19063,
19064,
19065,
19066,
19067,
19070,
19072,
19073,
19074,
19075,
19076,
19078,
19079,
19081,
19082,
19083,
19085,
19086,
19087,
19090,
19091,
19092,
19093,
19094,
19095,
19096,
19098,
19099,
19101,
19102,
19103,
19104,
19105,
19106,
19107,
19108,
19109,
19110,
19111,
19112,
19113,
19114,
19115,
19116,
19118,
19119,
19120,
19121,
19122,
19123,
19124,
19125,
19126,
19127,
19128,
19129,
19130,
19131,
19132,
19133,
19134,
19135,
19136,
19137,
19138,
19139,
19140,
19141,
19142,
19143,
19144,
19145,
19146,
19147,
19148,
19149,
19150,
19151,
19152,
19153,
19154,
19155,
19160,
19161,
19162,
19170,
19171,
19172,
19173,
19175,
19176,
19177,
19178,
19179,
19181,
19182,
19183,
19184,
19185,
19187,
19188,
19190,
19191,
19192,
19193,
19194,
19195,
19196,
19197,
19244,
19255,
19301,
19310,
19311,
19312,
19316,
19317,
19318,
19319,
19320,
19330,
19331,
19333,
19335,
19339,
19340,
19341,
19342,
19343,
19344,
19345,
19346,
19347,
19348,
19350,
19351,
19352,
19353,
19354,
19355,
19357,
19358,
19360,
19362,
19363,
19365,
19366,
19367,
19369,
19372,
19373,
19374,
19375,
19376,
19380,
19381,
19382,
19383,
19390,
19395,
19397,
19398,
19399,
19401,
19403,
19404,
19405,
19406,
19407,
19408,
19409,
19415,
19421,
19422,
19423,
19424,
19425,
19426,
19428,
19429,
19430,
19432,
19435,
19436,
19437,
19438,
19440,
19441,
19442,
19443,
19444,
19446,
19450,
19451,
19453,
19454,
19455,
19456,
19457,
19460,
19462,
19464,
19465,
19468,
19470,
19472,
19473,
19474,
19475,
19477,
19478,
19480,
19481,
19482,
19484,
19486,
19490,
19492,
19493,
19494,
19495,
19496,
19501,
19503,
19504,
19505,
19506,
19507,
19508,
19510,
19511,
19512,
19518,
19520,
19522,
19525,
19526,
19529,
19530,
19533,
19534,
19536,
19539,
19540,
19541,
19543,
19544,
19545,
19547,
19549,
19550,
19551,
19554,
19555,
19559,
19560,
19562,
19564,
19565,
19567,
19601,
19602,
19604,
19605,
19606,
19607,
19608,
19609,
19610,
19611
