34734,
34761,	
32835,	
32818,	
34786,	
32811,	
32808,	
34760,	
32819,	
32805,	
32839,	
32810,	
34787,	
32804,	
32703,	
32836,	
32801,	
32809,	
34756,	
32806,	
32830,	
32768,	
32803,	
32789,	
32714,	
32821,	
32837,	
32751,	
32814,	
32812,	
34729,	
32701,	
32712,	
32807,	
32798,	
32730,	
34711,	
34715,	
32792,	
32822,	
32757,	
32824,	
32779,	
32707,	
32750,	
34747,	
34705,	
32827,	
34741,	
32817,	
32708,	
34743,	
34714,	
32825,	
32746,	
32829,	
33848,	
33896,	
32816,	
32776,	
34737,	
32778,	
34736,	
32826,	
34746,	
33858,	
33897,	
34744,	
32765,	
32828,	
32773,	
34753,	
34797,	
32832,	
34758,	
32831,	
32771,	
32726,	
33837,	
34769,	
34748,	
32736,	
32820,	
34762,	
32713,	
33868,	
32784,	
32766,	
32735,	
32833,	
32725,	
34788,	
32732,	
33514,	
32763,	
32102,	
32159,	
32702,	
32709,	
32767,	
34731