07960,
07840,
07054,
07920,
07869,
07801,
07866,
07950,
07928,
07405,
07834,
07940,
07005,
07836,
07853,
07828,
07885,
07932,
07444,
07438,
07035,
07936,
07045,
07876,
07945,
07034,
07849,
07981,
07874,
07930,
07830,
07850,
07082,
07931,
07856,
07058,
07046,
07457,
07440,
07927,
07803,
07857,
07946,
07933,
07435,
07852,
07980,
07847,
07935,
07878,
07976,
07802,
07806,
07842,
07845,
07870,
07926,
07961,
07962,
07963,
07970,
07983,
07999