34101,
34102,
34103,
34104,
34105,
34106,
34107,
34108,
34109,
34110,
34112,
34113,
34114,
34116,
34117,
34119,
34120,
34134,
34137,
34138,
34139,
34140,
34141,
34142,
34143,
34145,
34146,
34135,
33908,
33914,
33905,
33990,
33993,
33909,
33917,
33904,
33919,
33971,
33928,
33913,
33916,
33967,
33936,
33907,
33903,
33991,
33901,
33976,
33974,
33912,
33973,
33972,
34134,
33966,
33931,
33957,
33920,
33956,
33922,
33965,
33921,
33924,
33900,
33902,
33906,
33910,
33911,
33915,
33918,
33932,
33945,
33970,
33975,
33994,
34133,
34136,
33929